d1u5ka2.ent	d1u5ka2.ent	1.000	157	0	0	1	157	1	157	2.229E-27	1239
d1u5ka2.ent	d4w8ka_.ent	0.125	80	56	0	5	69	105	184	1.681E+00	28
d1u5ka2.ent	d1x62a2.ent_MODEL_5_A	0.181	33	26	0	65	97	3	35	5.740E+00	24
d1u5ka2.ent	d1x62a2.ent_MODEL_4_A	0.181	33	26	0	65	97	3	35	6.387E+00	23
d1u5ka2.ent	d1wila1.ent_MODEL_10_A	0.142	35	27	0	65	97	3	37	3.365E+00	23
d1u5ka2.ent	d1x62a2.ent_MODEL_7_A	0.181	33	26	0	65	97	3	35	6.737E+00	22
d1u5ka2.ent	d2d8qa1.ent_MODEL_11_A	0.272	33	23	0	65	96	3	35	6.055E+00	22
d1u5ka2.ent	d1x3ha1.ent_MODEL_2_A	0.151	33	27	0	65	97	3	35	7.908E+00	21
d1u5ka2.ent	d1pfta_.ent_MODEL_13_A	0.250	32	23	0	66	97	1	31	5.159E+00	21
d1u5ka2.ent	d2g80a1.ent	0.153	77	52	0	1	62	16	92	2.867E+00	21
d1u5ka2.ent	d1x3ha1.ent_MODEL_18_A	0.156	32	26	0	66	97	4	35	8.799E+00	20
d1u5ka2.ent	d1x3ha1.ent_MODEL_20_A	0.156	32	26	0	66	97	4	35	9.281E+00	20
d1u5ka2.ent	d1x62a2.ent_MODEL_9_A	0.181	33	26	0	65	97	3	35	9.790E+00	20
d1u5ka2.ent	d2d8qa1.ent_MODEL_17_A	0.250	31	23	0	65	95	3	33	7.496E+00	20
d1u5ka2.ent	d2b0oe1.ent	0.160	117	80	0	54	149	6	122	3.024E+00	20
d1u5ka2.ent	d1eb6a_.ent	0.118	158	119	0	9	144	12	169	1.511E+00	20
d1u5ka2.ent	d1x3ha1.ent_MODEL_6_A	0.151	33	27	0	65	97	3	35	9.790E+00	19
d1u5ka2.ent	d1x3ha1.ent_MODEL_14_A	0.151	33	27	0	65	97	3	35	9.281E+00	19
d1u5ka2.ent	d1x62a2.ent_MODEL_14_A	0.181	33	26	0	65	97	3	35	9.790E+00	19
d1u5ka2.ent	d1x62a2.ent_MODEL_16_A	0.181	33	26	0	65	97	3	35	9.790E+00	19
d1u5ka2.ent	d2co8a2.ent_MODEL_9_A	0.171	34	27	0	65	97	3	36	9.790E+00	19
d1u5ka2.ent	d2d8qa1.ent_MODEL_18_A	0.258	31	22	0	65	95	3	33	8.799E+00	18
d1u5ka2.ent	d1tdpa_.ent_MODEL_3_A	0.125	54	46	0	9	62	3	55	9.281E+00	18
d1u5ka2.ent	d3mi9b1.ent	0.098	144	95	0	1	144	25	130	8.341E+00	17
d1u5ka2.ent	d1pfta_.ent_MODEL_11_A	0.250	32	23	0	66	97	1	31	7.908E+00	16
d1u5ka2.ent	d1pfta_.ent_MODEL_23_A	0.222	36	26	0	66	101	1	35	9.281E+00	16
d1u5ka2.ent	d1wila1.ent_MODEL_8_A	0.147	34	26	0	65	96	3	36	8.799E+00	16
d1u5ka2.ent	d2uyoa_.ent	0.100	60	46	0	9	60	4	63	6.737E+00	15
d1u5ka2.ent	d1pfta_.ent_MODEL_1_A	0.200	44	30	0	66	104	1	44	8.341E+00	14
d1u5ka2.ent	d1u89a1.ent_MODEL_8_A	0.102	144	95	0	1	144	6	112	6.387E+00	14
d1u5ka2.ent	d1u89a1.ent_MODEL_3_A	0.107	137	81	0	8	144	21	112	4.395E+00	13
d1u5ka2.ent	d1k0ma1.ent	0.152	140	95	0	5	144	9	121	3.550E+00	13
d1u5ka2.ent	d4ogca2.ent	0.101	147	108	0	31	151	14	160	6.055E+00	13
d1u5ka2.ent	d1bvp11.ent	0.122	117	92	0	7	123	3	108	5.740E+00	13
d1u5ka2.ent	d2g77a2.ent	0.086	133	80	0	9	141	35	123	9.281E+00	12
d1u5ka2.ent	d1tu9a1.ent	0.135	139	98	0	6	144	11	124	8.341E+00	11
d1u5ka2.ent	d1u89a1.ent_MODEL_17_A	0.114	136	80	0	9	144	22	112	8.799E+00	10
d1u5ka2.ent	d1o5ha_.ent	0.122	148	118	0	7	141	31	178	9.790E+00	10
d1u5ka2.ent	d2bkma_.ent	0.158	101	55	0	1	66	4	104	9.790E+00	9
d1u5ka2.ent	d1x3ka_.ent	0.089	140	102	0	3	142	24	136	8.799E+00	9
